neo4j {
  spatialOp {
    maxLon = 28.240304
    minLon = 19.685170
    maxLat = 41.706090
    minLat = 34.936015
    bits = 7
  }
  spatioTempOp {
    maxLon = 28.240304
    minLon = 19.685170
    maxLat = 41.706090
    minLat = 34.936015
    minDate = 1534280400000
    maxDate = 1535749199999
    bits = 7
  }
}