redis {
  spatialOp{
    minLon = 19.632533
    maxLon = 28.245286
    minLat = 34.929233
    maxLat = 41.757798
    bits = 6
  }
  spatiotempOp{
    minLon = 19.632533
    maxLon = 28.245286
    minLat = 34.929233
    maxLat = 41.757798
    minDate = 1530392400000
    maxDate = 1543615199999
    bits = 6
  }
}